0 958 372 76 65 820 170 94 60 738 625 146 216 302 375 73 99 
1 819 170 95 60 744 622 149 191 960 370 75 67 
2 818 171 98 61 746 618 146 195 
3 306 362 77 107 820 173 95 61 747 613 146 192 306 362 77 107 
4 304 361 76 115 819 174 94 62 745 611 149 194 304 361 76 115 962 369 79 64 
5 310 356 71 116 818 175 96 61 747 580 143 240 965 369 76 65 310 356 71 116 
6 311 349 71 128 743 563 148 240 817 175 96 62 311 349 71 128 
7 816 176 99 62 740 561 148 235 311 346 72 135 
8 816 176 98 62 745 556 142 238 312 355 75 130 
9 743 552 145 233 816 176 97 62 313 355 73 126 
10 688 631 253 129 748 545 143 226 817 177 96 61 309 353 77 125 
11 687 607 270 129 754 544 145 219 814 177 98 61 311 359 72 124 
12 683 610 276 126 756 542 145 216 812 176 98 61 308 370 73 118 
13 568 941 263 136 682 605 282 127 812 177 98 63 763 564 125 189 306 381 69 108 
14 320 390 60 104 691 594 262 133 571 939 261 130 810 177 99 64 748 540 146 196 320 390 60 104 
15 569 938 268 131 810 177 99 65 768 559 120 192 691 599 259 131 326 391 56 105 
16 328 395 55 103 574 941 263 119 811 177 98 64 690 587 265 140 768 547 120 194 328 395 55 103 
17 575 933 255 126 811 177 98 64 770 544 120 194 697 585 255 137 332 398 53 101 
18 573 924 263 131 770 543 121 185 810 177 99 64 697 582 256 131 333 398 54 99 
19 1192 253 67 76 578 913 262 142 770 541 123 184 811 177 97 65 699 573 249 135 349 405 53 89 
20 1192 252 65 74 581 917 260 135 771 539 120 179 809 176 96 65 693 576 259 128 351 407 52 89 
21 1192 252 64 74 573 908 264 147 770 536 120 178 807 177 96 63 693 569 264 131 351 408 50 90 
22 581 897 246 156 652 193 82 60 770 536 121 178 804 177 98 63 693 568 266 127 351 408 53 91 
23 646 925 225 152 577 883 260 177 775 536 118 176 803 177 98 63 697 565 264 127 352 408 52 89 
24 353 409 52 84 774 538 119 169 803 177 98 61 704 563 251 128 353 409 52 84 
25 1444 843 157 163 355 410 53 85 643 194 84 58 777 536 119 170 803 178 100 61 709 559 254 129 355 410 53 85 
26 359 411 53 83 1433 837 161 174 802 178 101 62 713 559 241 126 359 411 53 83 
27 641 195 90 56 646 876 226 171 802 179 102 62 714 561 248 117 359 410 53 83 
28 1424 805 157 152 656 881 211 156 715 559 235 117 800 179 103 62 362 412 56 82 
29 363 414 55 81 649 867 218 177 799 179 103 62 718 561 243 115 990 319 61 70 363 414 55 81 
30 1421 782 154 174 365 413 56 81 653 870 212 175 801 180 100 61 728 561 236 114 365 413 56 81 
31 1419 770 150 179 658 868 208 184 800 178 102 62 729 539 238 137 367 410 56 91 
32 786 520 127 166 801 179 101 62 733 546 247 125 370 408 57 95 
33 798 180 101 62 731 544 247 120 375 406 60 100 
34 661 863 214 187 796 181 100 61 735 543 235 115 378 407 62 99 
35 663 851 219 201 796 182 99 60 741 535 227 119 379 408 59 98 
36 658 844 225 210 795 183 98 59 755 520 208 130 381 410 56 95 
37 663 838 217 206 793 182 101 60 757 519 214 130 381 408 55 99 
38 662 855 216 196 791 183 102 60 765 510 207 129 384 407 54 100 
39 791 182 103 61 769 512 203 126 386 407 53 99 
40 666 840 203 196 792 180 102 62 775 509 190 128 387 408 53 95 
41 662 832 206 202 789 178 104 62 779 503 195 123 389 408 54 95 
42 1391 646 125 170 786 178 105 64 663 822 203 214 783 496 188 124 391 408 57 91 
43 1390 639 123 168 669 824 195 212 786 177 104 65 788 496 179 119 394 410 56 90 
44 1389 629 127 171 785 176 104 67 673 818 195 221 783 495 189 110 398 409 54 92 
45 1384 622 123 165 786 176 103 68 674 820 191 207 785 494 186 109 404 409 53 94 
46 1388 620 123 161 786 178 105 67 784 493 186 108 675 803 184 237 409 407 53 98 
47 677 799 188 244 782 477 185 111 787 179 105 68 
48 787 179 105 69 785 475 182 112 671 795 197 250 
49 739 195 101 61 786 180 103 69 789 477 176 107 675 795 195 249 
50 741 193 100 61 784 180 106 69 791 474 173 110 681 793 191 250 
51 1372 584 119 140 740 191 102 63 783 179 109 71 791 475 176 107 687 792 192 254 
52 739 190 102 63 784 178 109 71 794 478 170 106 707 787 172 265 427 408 49 101 
53 1369 564 116 142 743 189 97 64 784 178 106 72 796 472 171 109 701 753 172 285 427 406 54 98 
54 746 189 93 64 786 178 103 73 792 464 178 116 708 749 167 287 
55 1361 559 120 133 746 191 92 62 788 177 99 74 793 469 189 110 713 746 170 289 
56 787 177 99 74 746 194 90 60 715 735 166 282 796 466 184 113 
57 785 180 99 73 748 196 88 59 799 460 179 107 720 752 167 261 437 412 51 95 
58 1351 546 127 117 782 181 100 72 752 199 86 57 722 741 164 259 800 454 177 106 440 411 52 98 
59 783 180 98 73 753 197 85 59 720 733 169 255 804 446 170 108 442 411 55 96 
60 1348 541 139 110 783 182 97 71 755 198 84 59 726 723 167 257 806 445 168 104 447 413 56 95 
61 783 183 98 71 731 712 175 250 754 200 85 59 803 437 173 101 451 413 56 96 
62 787 184 96 71 755 201 83 59 809 432 164 104 733 725 166 236 455 414 54 96 
63 755 203 85 58 784 184 101 72 811 433 162 102 736 723 165 235 455 411 53 102 
64 786 185 99 73 753 204 88 58 816 427 158 106 737 715 164 242 457 412 51 101 
65 784 183 102 74 751 202 89 61 815 432 158 105 741 719 163 234 
66 785 183 100 74 751 202 88 61 816 432 156 104 753 707 161 230 461 411 50 100 
67 786 181 99 74 816 429 157 109 748 200 90 62 758 696 153 239 465 412 51 98 
68 536 230 85 49 789 180 99 75 817 428 157 108 746 198 90 63 768 682 148 238 
69 536 229 84 50 789 180 99 76 819 428 154 106 747 197 90 66 773 677 140 230 
70 827 414 151 93 539 231 82 51 787 180 99 76 750 198 88 64 780 675 142 231 
71 813 404 172 80 789 179 98 74 535 231 81 50 750 198 88 64 780 664 146 229 
72 787 597 157 268 788 181 98 70 833 412 147 94 529 230 88 47 752 202 86 60 782 664 146 222 483 419 55 106 
73 788 594 158 265 1327 466 106 101 793 181 96 69 526 234 88 47 835 409 143 99 752 202 85 61 784 661 146 229 
74 787 596 158 262 796 179 95 70 775 673 154 206 752 202 86 61 526 233 88 47 839 407 145 97 
75 790 569 157 262 793 177 93 70 800 612 138 238 751 201 87 62 804 395 204 82 526 233 87 49 492 422 60 103 
76 793 568 152 262 794 180 93 70 744 220 92 58 799 598 138 245 843 400 139 96 525 234 86 49 494 421 59 105 
77 793 569 153 251 794 180 94 71 1329 459 98 106 744 219 91 58 799 614 142 219 847 403 139 96 525 235 88 49 496 421 58 104 
78 793 178 93 72 1328 458 99 97 748 200 88 66 797 577 152 244 522 234 87 51 849 397 135 93 499 425 56 99 
79 795 177 94 71 1331 452 96 98 748 200 86 67 848 394 136 92 519 232 86 52 800 579 149 246 503 431 56 95 
80 738 648 262 131 1329 446 99 97 748 200 83 66 821 382 200 94 797 573 149 236 514 233 85 50 507 434 60 90 
81 1327 439 97 100 747 201 82 66 512 233 86 51 797 568 148 237 820 387 201 89 
82 1331 438 93 100 746 200 84 67 513 235 84 52 819 383 206 90 795 567 144 239 
83 749 627 244 153 1328 431 92 100 741 219 84 58 510 233 85 52 825 383 197 90 798 563 141 235 
84 507 234 81 53 739 219 86 60 830 370 191 88 788 566 149 229 518 433 67 82 
85 506 232 82 55 832 363 191 96 735 217 85 62 789 557 146 216 520 433 65 90 
86 811 562 121 185 833 362 188 95 503 232 82 54 735 216 86 65 760 593 234 137 529 431 64 96 
87 796 177 92 71 835 362 187 94 499 230 83 55 793 541 150 214 731 217 86 64 756 585 247 135 531 428 65 103 
88 799 177 92 71 817 551 119 187 829 365 199 87 496 228 83 57 732 218 83 63 753 580 259 139 535 430 63 98 
89 801 178 95 68 1304 405 97 79 814 547 120 190 493 229 86 57 833 364 194 83 728 220 86 61 758 575 247 138 537 429 65 100 
90 814 542 120 186 802 178 94 67 1307 399 94 87 489 229 87 58 832 366 198 78 724 221 86 60 759 569 244 139 544 427 60 103 
91 1303 397 90 87 802 180 93 66 484 229 90 60 836 361 192 82 723 221 88 61 759 567 244 135 546 426 61 106 
92 481 228 96 63 804 181 91 66 1297 394 90 86 843 360 181 80 723 220 87 60 766 564 231 132 548 425 60 104 
93 1295 393 91 85 806 181 90 66 478 230 96 62 722 221 84 59 846 359 184 76 759 565 247 127 551 427 61 103 
94 478 229 95 61 808 182 88 66 724 222 80 58 848 361 188 71 771 557 236 134 550 432 65 96 
95 1291 388 91 87 809 182 88 67 853 358 178 75 724 220 80 61 776 557 232 131 
96 1288 381 89 87 813 183 87 68 873 348 136 78 774 559 232 119 725 219 79 62 568 422 55 108 
97 1287 377 92 88 811 184 88 66 878 352 138 68 780 558 223 118 720 220 80 62 569 427 57 104 
98 461 232 92 67 809 183 90 65 787 561 208 113 875 351 144 72 717 221 84 60 575 430 56 102 
99 461 232 93 68 811 182 91 63 712 224 86 59 784 559 229 101 875 350 145 70 580 434 58 105 
100 451 235 99 68 810 182 93 64 783 556 232 103 873 346 148 75 709 225 88 61 588 435 62 99 
101 449 236 97 67 811 182 93 64 706 226 88 61 873 346 154 76 785 555 227 100 592 428 65 105 
102 1277 357 88 91 449 237 93 67 810 181 94 64 704 227 90 61 794 551 215 101 879 348 143 74 593 435 64 99 
103 448 243 90 64 1278 354 85 94 813 180 92 65 703 229 89 60 878 346 149 75 792 541 214 107 594 434 64 95 
104 1272 355 87 89 448 245 90 65 815 184 89 63 704 231 89 62 878 345 147 75 801 528 200 116 597 428 61 96 
105 448 244 89 65 1268 356 91 85 811 186 90 61 701 230 92 62 875 341 155 77 795 523 209 115 599 429 59 99 
106 1274 347 84 76 445 240 91 68 810 185 92 60 698 228 92 62 806 515 192 115 875 343 153 72 602 431 59 98 
107 1276 344 81 79 442 242 95 69 812 184 91 58 696 228 95 63 809 512 195 113 875 342 156 72 613 430 59 101 
108 1274 341 77 85 441 245 92 68 817 187 89 58 695 226 94 63 822 505 182 114 873 339 162 73 
109 440 248 94 67 816 184 90 60 1274 343 76 80 694 226 94 64 823 503 173 111 876 340 155 75 624 433 57 96 
110 1270 342 75 82 815 181 93 60 439 249 91 67 693 232 95 59 821 498 175 111 876 339 155 72 627 429 59 101 
111 1273 338 72 86 814 181 93 59 438 250 90 67 692 235 97 58 825 494 176 110 877 335 154 74 631 424 54 106 
112 1268 336 77 83 813 181 93 59 438 251 88 68 690 238 98 58 834 494 175 106 879 330 153 72 630 426 58 106 
113 1267 336 77 81 814 180 93 60 435 255 88 65 839 497 163 103 692 238 97 60 880 329 149 70 
114 814 178 93 59 841 494 166 107 1269 333 74 85 427 256 92 65 690 245 99 55 881 327 148 67 637 427 60 109 
115 816 179 91 59 1265 331 77 85 847 493 167 106 422 257 93 64 682 246 102 55 880 321 150 71 639 424 61 115 
116 1260 321 77 86 412 259 91 64 822 178 88 57 849 479 169 107 682 245 100 59 886 318 139 64 642 431 64 102 
117 825 178 86 59 413 258 91 65 1259 318 75 85 854 476 160 105 683 246 96 59 890 314 132 62 644 432 60 104 
118 407 260 94 65 826 178 87 57 1256 315 74 84 849 471 165 107 683 248 96 59 889 313 134 62 648 430 61 107 
119 404 260 98 66 825 180 88 56 1253 314 74 82 854 466 159 112 683 249 99 58 888 314 139 58 651 429 61 103 
120 405 259 96 67 825 178 86 55 1251 311 79 79 860 465 154 111 682 252 100 56 888 314 139 59 657 431 62 104 
121 1255 310 74 78 404 257 97 71 824 178 88 54 861 466 157 106 681 255 101 56 887 311 139 59 659 432 67 99 
122 405 255 95 73 1250 309 76 79 822 178 88 55 858 462 162 103 679 258 103 56 887 305 139 64 665 438 65 97 
123 1249 308 75 76 820 179 87 56 861 455 160 105 891 302 131 60 677 259 105 59 668 437 65 96 
124 1247 308 75 71 388 264 98 75 819 180 87 55 857 454 164 106 892 299 130 59 675 259 109 60 674 433 67 97 
125 1243 304 76 70 385 268 96 77 861 438 156 114 819 177 87 55 893 299 128 56 675 258 102 59 681 441 70 99 
126 1236 303 78 69 381 269 99 74 861 436 157 112 820 178 85 54 897 302 119 52 676 261 102 58 689 434 72 105 
127 1239 300 74 70 863 432 158 113 379 271 97 73 820 177 85 54 899 299 116 55 674 262 106 59 692 433 72 106 
128 1237 297 74 71 864 430 157 110 372 270 102 75 820 178 84 56 898 297 118 53 674 265 104 61 694 441 69 103 
129 863 428 158 112 1235 297 75 72 371 272 101 75 817 175 85 56 899 297 117 51 670 264 105 67 695 442 73 104 
130 1233 295 73 73 366 272 103 73 816 177 83 56 898 295 119 53 669 265 105 68 
131 368 291 94 65 816 178 84 55 899 297 116 54 667 264 105 68 720 436 62 102 
132 363 290 95 68 903 295 108 55 814 179 84 55 667 265 104 68 
133 911 293 106 59 357 288 98 71 815 179 82 55 663 262 106 73 726 443 66 95 
134 918 274 96 69 810 179 85 55 359 288 96 72 660 265 108 70 730 440 67 97 
135 917 273 94 68 350 290 99 73 811 180 82 55 658 265 110 76 733 451 71 90 
136 918 272 94 69 344 291 101 73 813 178 82 57 659 264 108 78 
137 917 273 93 67 812 180 83 58 342 290 99 74 654 263 109 82 
138 916 273 94 66 809 182 85 58 338 293 101 75 652 263 114 82 
139 810 181 82 60 915 271 95 65 333 292 105 77 648 263 114 84 750 433 69 113 
140 1201 263 83 82 808 182 81 61 331 293 106 77 916 269 95 63 645 266 116 80 756 438 73 109 
141 1198 261 88 83 328 293 108 79 806 179 82 60 913 269 101 63 642 268 120 81 761 435 71 113 
142 64 236 105 53 1199 260 83 86 326 293 107 79 807 177 82 60 912 269 102 61 637 271 119 78 769 438 65 116 
143 876 382 147 107 65 237 108 52 1200 261 71 84 322 293 110 80 807 178 82 59 631 271 117 77 914 269 97 59 772 443 63 114 
144 63 235 113 52 322 294 109 78 1198 261 69 78 808 180 81 58 630 270 120 79 911 268 101 60 
145 322 301 107 75 64 234 115 51 1195 260 67 78 807 177 79 60 618 286 120 68 908 263 106 63 
146 61 232 122 50 318 300 113 78 1189 258 69 77 810 178 76 60 610 287 129 67 910 259 104 63 
147 58 229 130 52 319 303 107 76 1191 258 69 78 811 177 77 61 607 287 130 68 912 257 101 62 
148 58 231 130 51 321 297 105 83 1192 257 66 76 810 178 79 60 604 288 139 71 911 253 103 65 
149 314 305 102 80 1189 258 66 75 808 180 78 59 910 254 103 62 602 288 137 72 
150 1187 259 65 75 314 312 100 78 913 250 102 65 807 179 81 59 599 285 141 79 
151 1186 259 64 73 314 318 97 77 913 250 102 60 809 180 83 60 599 285 141 81 
152 1179 259 66 71 902 375 143 83 312 319 98 79 809 179 83 61 600 286 138 84 914 251 101 58 
153 899 371 144 85 1178 257 65 72 306 321 99 77 807 180 82 61 600 289 138 84 914 249 101 57 
154 1180 254 65 73 896 372 149 81 298 321 101 81 806 179 83 61 597 290 142 87 915 245 101 59 
155 1179 255 66 70 893 373 154 77 295 323 102 82 598 291 140 88 806 181 80 61 915 241 101 58 
156 897 369 149 81 591 293 138 86 804 180 80 60 295 323 97 83 912 242 104 59 
157 898 367 146 78 588 295 145 89 804 179 82 62 287 321 103 86 913 238 104 56 
158 899 367 147 76 800 182 82 62 912 236 105 56 589 305 144 82 288 324 100 86 
159 902 369 141 74 802 182 82 63 282 327 104 89 916 241 98 56 583 306 154 83 
160 907 365 137 75 275 330 107 88 799 180 80 64 915 232 99 58 577 306 165 87 
161 905 365 140 75 272 330 107 89 800 179 80 65 915 231 101 56 580 309 161 85 
162 906 361 137 79 261 329 112 92 801 179 80 66 916 233 101 56 576 309 167 93 
163 906 366 135 76 257 332 112 91 802 179 81 65 913 235 107 54 572 311 171 96 
164 1180 248 84 60 252 330 118 92 802 178 83 66 912 238 108 53 568 314 178 95 
165 907 364 130 79 251 330 117 95 805 178 84 67 916 236 102 52 565 318 180 95 
166 906 362 132 74 248 331 120 95 807 178 85 68 917 236 101 52 566 324 170 94 
167 252 330 111 95 1185 242 86 58 906 363 131 72 807 176 85 70 917 234 103 51 562 327 172 91 
168 253 332 108 94 907 363 131 69 803 173 85 71 917 234 103 48 558 329 170 93 
169 905 363 135 67 799 176 87 69 918 235 102 49 561 331 158 94 
170 916 342 124 81 795 175 88 69 919 232 100 50 564 336 151 86 
171 222 355 129 88 909 364 133 62 795 176 89 69 923 230 96 52 562 337 149 87 
172 1179 240 77 55 911 340 131 83 220 358 129 87 795 176 89 69 550 334 163 94 921 231 99 50 
173 1179 240 81 55 912 342 128 80 217 356 124 95 792 176 88 70 550 337 160 90 920 228 101 51 
174 1174 241 78 53 793 174 85 72 215 357 128 95 911 339 132 79 548 337 157 92 921 231 102 52 
175 1169 239 79 56 794 173 87 73 539 335 160 97 213 358 128 99 906 332 141 81 917 235 110 56 
176 1168 239 78 56 204 361 133 101 540 336 152 96 791 174 89 72 906 329 142 83 918 234 109 57 
177 1165 236 76 58 540 337 148 95 790 176 91 73 202 363 133 102 920 235 107 56 905 330 142 79 
178 1165 236 74 59 195 363 138 104 791 178 89 73 904 325 139 81 921 235 104 57 548 354 132 89 
179 1162 236 73 56 189 366 137 105 909 325 130 82 790 182 89 73 922 235 104 58 538 354 138 89 
180 1157 236 73 56 791 181 86 75 184 368 133 107 913 323 127 83 925 235 102 59 531 357 142 87 
181 180 369 134 105 1155 237 75 56 909 324 131 80 789 179 85 76 926 230 100 60 529 356 141 91 
182 175 375 125 103 748 188 92 68 925 198 91 64 1155 238 71 55 909 321 131 80 926 226 100 66 788 179 86 76 526 360 141 93 
183 171 375 128 106 926 199 88 62 909 317 134 82 787 178 87 77 925 225 100 67 521 360 147 96 
184 925 198 91 61 789 178 89 78 909 316 130 80 923 227 102 67 523 359 121 101 
185 924 197 93 60 787 178 91 78 921 227 106 70 913 313 128 80 523 360 120 102 
186 789 178 92 77 925 193 95 61 925 230 103 69 913 314 126 75 522 363 119 106 
187 789 177 92 78 925 190 95 61 155 391 121 100 924 233 107 68 913 314 128 75 520 376 118 111 
188 788 177 93 78 925 190 97 62 922 231 110 66 908 316 130 69 516 389 121 108 
189 747 189 94 65 145 390 125 108 787 177 93 79 927 193 93 62 925 229 106 70 909 312 128 70 511 391 124 108 
190 142 388 128 114 782 176 99 80 745 191 97 63 925 227 106 76 911 306 126 69 926 191 92 64 500 398 136 102 
191 130 393 132 111 784 176 99 80 926 224 108 77 746 190 95 64 909 310 126 65 927 193 91 61 490 399 142 104 
192 139 400 114 103 926 225 109 77 782 176 99 78 910 311 124 63 747 191 98 64 928 193 90 58 493 406 139 101 
193 784 177 98 78 747 194 95 63 909 313 127 60 928 194 91 58 490 408 139 99 1057 405 54 106 
194 411 211 115 49 786 178 98 80 747 199 95 60 906 313 133 64 929 192 92 58 479 412 147 97 
195 785 178 101 79 747 200 95 59 929 190 94 58 907 309 129 64 462 412 161 97 
196 785 177 105 80 748 199 94 59 907 305 131 65 930 191 93 58 457 415 167 113 
197 783 177 110 81 744 200 98 58 928 191 97 58 909 305 130 65 438 417 181 111 
198 928 190 96 59 744 203 99 55 915 303 123 64 431 424 187 114 
199 43 415 170 126 932 187 98 60 916 302 119 62 746 203 99 56 423 426 196 117 
200 42 420 174 119 931 260 115 73 912 298 122 61 747 200 96 57 422 431 196 121 
201 41 424 170 121 41 424 170 121 929 259 115 74 915 297 119 60 746 198 95 58 416 436 206 128 
202 43 425 162 115 43 425 162 115 928 257 114 76 917 297 115 58 743 197 100 61 423 435 165 130 
203 40 421 163 130 779 179 119 78 933 183 101 64 916 296 115 58 924 253 115 75 40 421 163 130 739 194 102 62 416 445 169 125 
204 37 426 159 135 781 182 112 75 37 426 159 135 935 180 101 64 914 294 116 58 923 259 115 78 739 194 103 64 408 447 176 125 
205 36 434 146 123 785 181 109 74 36 434 146 123 934 181 102 63 911 293 120 59 922 259 120 80 739 192 102 65 395 451 192 130 
206 40 448 136 125 918 260 124 76 935 184 98 59 907 295 124 55 740 195 100 61 385 468 196 120 
207 41 450 132 121 790 182 104 69 423 209 119 49 921 262 121 76 938 184 100 59 907 294 127 56 742 197 98 60 370 468 217 126 1138 407 54 99 
208 35 456 135 117 723 223 98 51 418 209 120 48 940 184 99 62 741 196 98 60 921 262 118 76 359 476 212 118 1144 402 51 105 
209 26 453 140 121 725 224 100 50 914 295 114 54 941 183 100 67 739 199 104 60 921 256 117 78 367 476 211 116 1147 404 49 104 
210 21 449 140 130 915 296 113 50 944 180 101 68 741 198 96 61 724 225 95 49 923 255 115 78 334 476 231 134 1149 401 49 109 
211 18 447 139 129 918 294 112 52 948 179 100 70 406 462 120 186 741 198 94 62 724 224 94 50 925 256 114 77 327 478 241 144 1148 399 52 113 
212 25 454 125 123 951 178 101 70 739 202 96 57 919 294 110 51 722 226 95 47 926 259 114 75 322 490 217 140 
213 954 176 101 71 22 446 123 142 954 176 101 71 738 204 96 57 919 296 108 47 718 226 96 46 926 262 110 73 319 501 225 140 1157 405 54 102 
214 956 172 102 72 920 297 107 45 738 201 93 59 717 225 93 48 927 263 109 71 306 504 236 146 1158 404 54 99 
215 713 224 95 49 921 296 108 47 737 201 93 60 929 264 109 71 291 520 240 142 1162 404 52 103 
216 924 296 101 47 713 223 92 51 739 199 92 61 930 261 108 70 288 524 241 149 1165 406 57 92 
217 24 474 75 173 923 296 103 47 954 177 99 65 714 224 93 49 739 199 92 62 928 262 111 69 274 533 234 142 1172 407 54 95 
218 22 476 75 169 958 178 98 66 713 223 91 49 733 199 93 64 271 539 239 136 928 259 109 71 1179 407 54 96 
219 20 474 73 166 957 178 97 67 710 223 93 48 729 199 96 63 327 523 146 202 928 254 111 75 
220 708 224 97 49 730 200 100 61 928 255 108 73 316 524 140 198 
221 217 558 271 150 731 201 100 62 708 224 97 51 927 254 109 71 292 524 131 211 1200 402 51 104 
222 203 571 286 147 732 199 101 64 703 224 99 52 925 256 113 70 286 533 140 211 1202 403 53 104 
223 793 178 102 66 732 199 98 62 700 226 100 52 922 257 114 70 275 538 149 224 1209 400 50 110 
224 730 200 96 60 794 178 103 64 700 227 100 52 921 255 114 71 261 555 151 216 1213 400 53 111 
225 728 199 96 60 699 226 102 53 921 256 112 72 254 544 160 246 1219 400 51 109 
226 797 174 104 67 699 226 103 52 231 540 176 244 920 257 114 73 1219 400 52 110 
227 798 175 106 68 699 227 102 54 217 554 194 241 922 254 113 76 1222 401 50 111 
228 796 174 108 67 702 226 96 53 194 557 173 255 919 253 116 77 
229 798 174 104 66 703 225 96 55 187 569 174 254 921 250 116 78 
230 798 173 104 67 700 226 98 56 171 584 188 256 924 251 110 74 1240 401 48 103 
231 801 174 99 66 695 225 106 58 152 582 191 286 926 252 109 75 1247 402 46 102 
232 799 178 97 65 695 225 104 56 140 584 186 301 922 249 113 75 1249 403 51 92 
233 694 223 106 59 127 634 154 280 925 251 109 73 1251 404 52 96 
234 799 180 93 66 694 223 106 60 119 652 166 279 925 249 110 73 1256 404 52 96 
235 694 222 104 62 800 180 95 66 128 629 191 318 926 250 107 73 1259 403 53 96 
236 145 645 179 330 804 183 93 63 690 222 107 64 121 648 191 310 925 249 107 74 1263 406 56 94 
237 801 183 95 63 661 223 124 66 115 675 176 290 926 251 105 72 1268 404 54 97 
238 801 185 94 63 660 224 127 65 109 691 187 304 925 255 105 69 1271 403 58 93 
239 801 185 95 66 660 226 126 61 93 703 177 311 926 259 104 65 1274 402 58 93 
240 799 185 93 67 655 226 133 58 93 719 168 319 925 257 108 66 1277 400 61 90 
241 94 748 159 289 1691 234 124 52 799 185 91 67 659 226 124 59 104 718 164 326 924 253 108 68 1282 398 62 94 
242 95 720 162 337 1691 234 121 55 802 186 94 67 95 720 162 337 664 227 119 61 921 254 113 68 1286 395 64 95 
243 1687 234 118 53 953 174 100 66 92 734 161 311 803 185 93 65 666 227 119 62 923 254 112 68 1290 396 58 99 
244 1694 235 110 54 98 782 139 275 952 174 100 66 806 186 92 63 668 226 120 61 920 251 115 68 
245 74 788 117 291 1685 235 116 51 951 174 103 67 807 185 92 63 669 228 118 61 917 249 120 69 
246 947 175 104 68 72 801 115 277 801 183 93 62 665 228 126 64 914 248 122 69 
247 947 176 104 67 799 182 95 61 663 230 131 64 914 249 122 68 1310 399 51 98 
248 798 182 97 63 661 232 136 64 916 249 122 68 1313 399 53 99 
249 946 176 103 68 799 184 96 61 662 233 138 65 917 246 121 69 1317 399 52 95 
250 1376 193 115 61 800 187 98 60 663 236 131 63 919 248 120 66 1317 402 55 90 
251 1627 230 106 49 944 180 105 68 798 188 98 62 666 235 124 63 918 247 120 67 1319 397 56 96 
252 942 179 108 71 1625 233 108 47 799 189 95 63 667 236 122 64 916 244 124 69 1323 395 59 95 
253 1619 230 104 52 942 178 110 71 794 191 97 63 916 237 123 73 665 238 124 64 1331 398 61 90 
254 1611 232 104 52 945 178 110 71 791 192 98 65 666 238 121 65 918 234 120 77 1333 400 61 91 
255 1604 230 100 52 941 177 110 72 791 192 99 65 664 235 117 69 918 234 119 77 1343 399 56 92 
256 944 179 107 73 796 194 94 64 664 234 116 73 922 232 115 78 1348 395 55 90 
257 945 179 106 74 796 193 95 65 665 228 117 78 919 239 116 73 1351 394 57 89 
258 1361 200 120 60 947 181 104 70 798 195 95 64 664 232 115 77 921 242 113 69 1353 397 56 87 1583 1004 120 64 
259 947 178 107 69 796 194 92 66 921 243 112 69 668 228 113 80 1355 395 59 86 
260 945 179 110 68 800 191 92 66 917 242 118 69 666 227 116 81 1362 395 57 90 
261 1643 233 171 53 799 195 96 64 918 246 116 67 667 235 114 78 1364 394 59 90 
262 947 179 109 65 499 234 99 64 796 196 97 63 920 244 116 69 661 236 118 81 1541 959 113 98 1366 396 57 89 
263 940 179 111 66 498 233 100 64 792 194 96 63 659 240 116 78 916 238 119 72 1367 400 57 87 
264 797 193 94 64 917 238 120 73 659 241 118 79 1369 396 56 89 
265 798 193 96 65 916 237 122 74 657 246 116 78 1513 909 143 127 
266 946 180 110 69 800 194 94 66 919 234 117 75 655 247 121 79 1516 899 139 134 1383 391 55 88 
267 795 193 100 68 919 231 117 79 654 250 121 77 
268 795 193 99 69 922 231 114 76 654 251 119 79 
269 799 191 98 69 921 235 115 72 652 246 125 86 1398 397 49 79 
270 800 191 94 70 800 191 94 70 923 236 113 71 649 244 124 86 1400 393 50 79 
271 952 179 105 69 806 190 92 70 924 237 112 69 648 246 125 85 1400 396 56 77 
272 807 190 86 71 807 190 86 71 927 240 108 67 647 251 124 82 1405 396 61 78 
273 811 189 83 71 929 240 103 67 643 249 129 84 1408 396 63 76 
274 810 189 84 70 810 189 84 70 636 248 133 87 929 244 103 66 1409 399 64 76 
275 812 189 88 67 626 249 137 89 932 240 101 66 1417 391 60 80 
276 813 190 86 68 625 253 130 85 933 238 101 67 1423 389 57 89 
277 960 176 98 68 816 191 86 67 621 257 133 86 934 236 100 67 1426 389 55 89 
278 958 176 100 68 619 294 116 50 813 192 89 65 625 258 131 83 934 235 102 68 1430 391 55 86 
279 959 177 97 68 621 254 136 84 807 194 92 62 935 235 99 68 1465 751 117 147 
280 617 296 120 50 621 254 136 82 805 195 90 62 935 234 99 66 1461 745 119 148 
281 646 190 97 58 614 295 123 52 617 255 138 82 804 195 97 61 932 235 103 65 
282 641 187 99 57 615 257 140 84 810 193 94 62 933 233 102 64 435 245 68 78 1456 727 114 149 
283 610 254 146 88 811 192 94 63 933 235 99 63 
284 811 191 94 63 613 293 119 57 931 237 99 61 
285 608 253 143 85 609 294 129 60 808 191 94 63 930 238 100 59 424 248 70 82 
286 626 239 120 105 808 190 95 64 930 238 101 59 
287 609 247 141 89 608 292 126 65 807 191 94 63 932 238 98 59 1458 385 57 99 
288 931 236 100 60 805 190 97 64 605 295 132 62 
289 609 250 138 86 804 192 97 64 602 294 138 66 932 236 99 60 
290 809 188 96 67 601 295 137 68 932 235 97 60 1469 385 57 91 
291 806 189 96 65 598 299 143 67 931 237 96 59 1471 384 55 95 
292 806 189 97 64 931 236 97 60 594 298 150 71 1476 384 55 91 
293 807 189 98 65 931 237 96 60 595 299 147 71 
294 808 190 94 64 597 295 143 75 933 233 96 62 1478 384 56 88 
295 806 191 94 63 597 294 143 78 935 237 93 59 1477 386 59 87 
296 593 299 148 78 804 191 95 62 934 236 92 60 1484 382 57 88 1412 618 85 106 
297 596 300 142 80 808 193 94 61 933 237 94 59 1408 610 84 116 
298 807 192 96 62 935 235 96 60 1488 384 57 87 1403 609 85 116 
299 806 192 98 63 935 236 96 60 1489 381 57 95 
300 581 303 157 82 800 192 100 66 933 234 96 62 1400 601 85 106 1492 377 57 100 
301 1391 597 87 108 360 293 79 65 579 304 163 83 806 192 101 67 934 234 95 61 1496 379 58 97 1391 597 87 108 
302 359 293 76 66 1389 598 84 105 575 304 169 86 808 192 99 67 934 234 93 61 1501 373 56 101 1389 598 84 105 
303 1387 588 80 102 782 219 99 60 572 305 174 88 804 192 100 68 933 233 94 61 1501 371 59 93 1387 588 80 102 
304 1379 587 85 102 787 221 98 59 572 305 172 90 808 195 100 64 932 235 97 61 1379 587 85 102 
305 1376 592 76 92 785 221 98 59 806 194 100 64 934 235 95 60 572 307 172 93 
306 1376 584 75 89 787 221 98 59 602 198 93 54 803 194 100 65 933 238 95 58 566 309 185 99 1376 548 78 104 
307 788 220 96 59 935 236 94 58 800 194 101 66 562 318 187 90 339 296 72 79 1372 549 76 102 
308 605 295 101 106 804 194 96 66 935 237 93 57 563 323 188 88 1376 549 78 101 
309 602 296 101 108 804 194 98 67 933 238 93 55 566 326 182 88 1370 550 81 98 
310 798 221 94 56 601 296 101 107 803 194 101 69 933 236 92 55 561 325 190 91 1368 552 80 95 
311 796 221 94 57 803 192 101 70 933 236 94 54 560 327 183 91 1368 545 80 101 
312 796 221 96 55 934 234 93 55 801 193 105 68 555 329 175 88 1366 543 82 96 
313 590 300 104 109 797 194 109 69 933 235 93 54 548 333 179 84 1355 533 78 104 
314 588 305 104 104 793 194 108 69 934 233 93 55 549 329 177 93 1357 528 77 104 
315 1357 518 79 111 791 221 97 55 934 232 94 57 793 195 109 67 549 333 169 89 1357 518 79 111 
316 792 221 94 56 934 231 93 57 797 195 106 67 550 338 165 84 1354 514 77 106 
317 1354 509 81 105 791 220 93 58 798 195 103 70 554 342 154 82 937 231 92 57 1354 509 81 105 
318 1353 507 83 103 308 324 69 78 802 195 100 70 792 221 90 59 550 340 155 86 937 230 93 58 1353 507 83 103 
319 1354 507 80 100 799 194 100 72 542 338 157 92 790 220 94 61 936 229 93 60 1354 507 80 100 307 324 67 80 
320 1353 505 78 101 546 338 147 94 798 193 99 72 789 220 96 61 936 230 92 57 303 324 68 82 
321 1351 500 80 101 539 339 153 93 800 193 98 71 793 221 94 61 936 230 92 57 1351 500 80 101 
322 1349 500 79 100 801 192 97 69 796 223 93 59 935 230 92 56 296 326 68 81 
323 553 314 118 119 806 193 102 69 799 223 94 57 936 230 92 56 1350 477 69 100 291 325 68 87 
324 1354 476 68 101 809 192 102 70 799 223 92 55 939 231 87 55 283 325 66 89 
325 1349 475 70 100 1298 227 147 44 566 200 92 53 810 194 106 70 798 223 95 56 938 230 89 56 1349 475 70 100 279 332 69 86 
326 1351 473 71 99 564 202 92 53 542 355 129 88 808 193 105 70 793 222 96 58 938 229 88 57 274 334 66 87 
327 1348 472 74 98 807 191 106 72 794 221 94 61 937 228 88 59 541 358 125 89 1348 472 74 98 
328 1349 471 71 98 262 339 78 84 1290 228 149 42 806 191 105 75 937 226 87 60 794 221 96 61 534 360 130 87 
329 1350 470 72 97 554 231 102 51 1292 227 144 42 805 191 105 76 939 226 88 61 792 221 99 61 532 357 132 91 1350 470 72 97 
330 1352 466 70 99 1298 228 132 42 557 230 100 50 807 192 102 74 941 227 87 60 790 223 100 61 531 357 132 93 
331 1348 461 76 100 810 192 101 75 558 231 98 49 942 227 85 57 793 223 98 61 527 359 139 95 
332 1347 456 82 105 809 191 99 76 1296 206 139 59 563 231 95 49 942 226 86 56 795 225 96 60 524 361 141 98 
333 809 191 100 78 563 231 96 49 1293 206 148 59 941 225 89 58 799 224 97 61 527 361 136 98 
334 1301 207 140 58 566 231 94 50 937 226 92 58 802 224 96 64 522 364 145 103 
335 943 183 94 71 1296 207 137 58 936 226 93 58 569 231 87 52 805 222 96 66 521 376 125 105 
336 944 182 95 72 1296 208 127 56 933 225 96 58 565 229 89 52 808 223 98 66 520 385 127 104 
337 1352 439 76 98 945 182 95 71 1291 208 135 56 933 225 96 58 564 228 88 50 807 223 102 65 515 392 129 102 
338 219 370 80 86 812 192 104 77 1289 207 135 55 933 226 95 56 560 229 93 49 808 224 104 64 513 391 131 103 
339 210 369 80 85 812 188 104 78 932 227 97 54 556 229 96 49 809 225 101 63 507 393 142 104 
340 206 372 76 85 1238 202 120 63 811 191 104 74 935 226 93 57 561 230 90 48 811 225 101 66 506 399 140 101 
341 1240 203 125 61 809 193 108 75 940 228 89 54 194 377 84 82 561 229 86 47 816 226 105 65 500 405 145 98 
342 192 381 78 83 809 192 108 76 192 381 78 83 1237 203 128 63 940 227 90 55 561 231 88 46 819 228 105 62 490 406 160 99 
343 190 391 73 86 1235 202 134 63 946 228 85 53 818 228 104 62 561 230 88 45 491 409 152 97 
344 1229 199 143 68 943 227 87 54 562 230 88 45 821 229 106 58 482 413 160 92 
345 482 412 160 97 811 190 113 82 1228 197 142 69 947 226 85 53 560 231 88 46 822 229 106 59 482 412 160 97 
346 170 394 79 98 945 181 93 77 811 187 112 86 1228 196 137 70 948 225 86 56 822 229 105 60 559 231 89 46 474 412 167 96 
347 170 398 77 97 813 190 111 82 948 227 88 54 1232 196 133 69 559 232 91 46 823 229 107 58 463 415 176 94 
348 1164 174 94 80 938 228 91 52 1223 197 152 70 454 410 180 102 556 234 93 46 824 233 107 55 
349 449 421 176 113 1168 178 97 77 939 228 91 51 1218 199 155 67 825 232 108 56 554 232 91 47 449 421 176 113 
350 1226 196 133 70 939 229 92 52 827 230 104 59 552 233 93 46 437 423 182 115 
351 1231 198 123 67 823 228 112 61 551 232 93 47 427 426 193 110 
352 422 430 198 109 1234 196 118 69 824 230 105 62 551 233 94 47 422 430 198 109 
353 418 431 204 109 136 407 73 98 945 186 90 71 1233 196 116 68 1165 184 101 75 835 227 134 67 423 432 179 125 551 234 93 47 
354 416 445 206 113 128 428 79 82 942 188 90 71 1227 201 123 64 126 411 77 89 1162 190 108 71 838 232 135 63 417 438 191 121 550 234 93 47 
355 121 418 78 82 1163 188 112 71 838 231 135 64 550 235 93 48 415 445 190 120 
356 1159 185 117 73 838 233 135 63 548 237 95 46 407 445 204 124 121 425 65 95 
357 1158 186 119 71 847 234 136 63 546 237 98 45 405 453 199 122 
358 1160 186 115 72 848 235 140 64 546 238 98 45 396 458 213 116 83 429 93 109 
359 1157 186 119 72 847 239 135 58 547 238 96 45 392 465 213 118 78 434 93 104 
360 1160 182 120 74 864 241 136 53 547 237 97 46 377 468 235 122 78 434 86 104 
361 406 426 139 208 1161 184 125 74 545 239 100 48 861 239 139 56 359 479 258 109 1391 395 70 78 65 446 92 108 
362 403 430 141 210 816 191 92 59 1160 184 123 76 547 237 96 50 858 240 143 57 365 478 233 115 59 452 89 111 
363 817 191 90 60 1153 186 128 74 548 238 93 50 395 440 144 205 861 236 147 64 341 485 250 119 55 453 90 110 
364 817 191 90 62 1152 181 119 77 531 241 102 53 860 231 147 69 387 440 150 204 324 486 258 119 49 453 89 112 
365 818 189 90 65 924 238 95 56 857 231 146 71 1150 183 121 75 530 241 105 53 401 471 124 164 318 481 263 132 47 457 87 113 
366 817 193 93 61 926 240 97 58 1152 182 116 78 849 231 154 71 531 241 105 53 396 471 131 172 315 485 263 128 45 458 85 107 
367 1400 373 80 82 814 194 95 61 1153 180 114 79 921 244 109 58 384 476 138 180 857 229 156 74 531 242 105 54 313 507 247 124 43 463 78 107 
368 380 481 142 185 826 225 89 63 815 195 95 61 1152 181 109 75 850 233 156 70 531 242 106 54 928 246 109 57 309 511 255 125 44 462 70 109 
369 1153 181 105 75 813 193 96 58 854 234 159 71 531 244 105 53 932 247 115 58 307 523 246 127 
370 1155 180 102 74 812 189 92 63 532 244 103 50 920 250 134 55 296 530 246 136 
371 1152 181 104 74 813 191 92 64 7 455 73 130 862 238 157 64 924 247 137 55 529 244 108 51 354 519 140 163 1411 371 72 77 
372 863 238 156 62 922 248 146 55 282 538 256 130 528 246 109 53 
373 828 227 82 57 244 561 274 112 868 238 139 59 930 243 138 58 331 521 146 169 528 246 110 54 1415 370 70 74 6 446 63 151 
374 815 190 93 64 275 549 264 118 996 250 101 52 828 227 82 58 930 248 137 56 333 526 132 187 527 245 109 56 
375 992 252 112 51 829 225 83 56 819 191 89 66 930 252 140 55 328 530 148 184 527 247 109 55 5 443 59 158 
376 45 227 135 51 232 569 259 130 829 226 84 54 818 192 90 66 927 249 147 58 309 528 147 196 525 247 111 55 
377 43 226 130 52 828 223 84 54 819 193 92 68 916 245 171 61 524 248 112 55 287 538 141 205 
378 46 228 124 50 927 246 160 61 829 221 88 56 820 190 93 71 525 250 110 56 287 549 142 200 
379 654 953 223 128 50 228 117 53 819 192 94 71 934 244 153 61 829 221 94 56 523 250 112 57 270 557 158 199 
380 52 229 112 54 651 963 225 110 828 222 99 57 818 193 96 67 964 250 178 61 524 251 107 56 263 567 162 195 
381 648 950 219 123 827 223 101 56 820 192 97 68 966 250 186 62 523 255 106 55 246 568 172 209 1624 340 58 86 
382 953 243 131 57 826 225 103 57 821 192 96 66 966 250 192 63 519 253 109 60 237 560 173 226 1630 339 60 87 
383 825 224 105 57 823 192 96 63 966 253 192 59 224 567 181 226 518 253 110 61 1631 341 59 85 
384 823 193 96 60 978 255 182 55 214 564 189 227 517 252 106 62 1636 340 59 86 
385 658 861 232 179 821 189 93 62 844 231 109 54 988 255 182 57 515 252 107 64 196 590 176 224 1640 340 57 85 
386 820 189 93 63 842 228 115 56 650 854 230 191 997 253 182 55 514 257 104 62 187 588 189 237 1644 340 57 84 
387 664 850 221 190 821 191 93 60 841 230 118 58 997 250 189 52 513 259 103 62 186 612 185 210 1643 340 58 86 
388 1158 260 95 51 822 193 89 61 848 229 110 59 655 845 244 222 1051 251 163 59 512 263 101 62 169 611 185 231 1646 340 58 86 
389 1159 261 109 51 821 192 91 63 847 229 115 58 665 843 217 210 1050 250 170 61 146 616 185 235 509 265 107 64 1646 339 60 86 
390 822 194 89 61 849 228 115 57 139 608 187 260 1048 255 164 54 672 834 214 215 508 264 110 63 1652 338 57 89 
391 822 193 84 61 1135 257 153 54 851 225 110 59 1058 251 161 56 127 652 149 254 678 827 208 228 506 265 109 63 1653 339 57 88 
392 1121 254 161 57 822 194 89 58 855 229 114 58 1073 249 155 57 130 646 180 273 694 823 204 213 505 265 107 62 1655 339 58 87 
393 822 196 92 55 854 233 115 53 1086 250 149 51 697 808 201 241 128 661 178 274 502 266 109 64 1656 338 58 89 
394 822 194 91 57 867 233 116 53 1112 253 194 64 699 806 198 245 125 680 181 272 501 267 111 65 1655 337 58 90 
395 820 195 94 54 1112 256 194 59 868 236 128 53 711 799 194 255 125 678 176 278 491 268 120 66 
396 1217 257 142 56 819 193 90 55 714 766 197 258 877 239 124 50 1124 253 174 60 123 683 177 283 482 268 122 65 
397 1198 256 168 59 818 191 92 55 875 237 128 53 1133 260 175 55 726 764 192 253 113 699 177 278 479 271 121 66 
398 816 189 89 52 1138 249 193 60 878 237 137 51 723 761 195 248 106 695 177 297 476 270 119 67 
399 817 189 91 52 876 237 132 53 1178 251 195 66 111 717 174 301 732 742 186 262 476 271 113 68 
400 878 237 123 56 923 232 94 49 815 191 89 51 1190 253 175 61 107 722 173 316 472 273 118 70 732 717 191 271 1680 331 55 88 
401 1316 263 114 55 878 240 125 56 924 231 95 52 816 188 92 51 1188 249 187 65 97 721 160 325 469 274 124 70 730 711 192 264 1681 330 56 89 
402 1286 264 152 54 919 230 104 53 96 734 158 306 816 186 90 49 1212 253 162 59 469 274 120 70 752 711 169 243 1685 330 54 89 
403 93 718 156 337 918 231 109 57 817 182 88 49 469 273 119 72 1211 258 189 54 752 701 173 245 1686 331 55 86 
404 94 777 142 295 917 242 115 52 816 181 87 51 1257 261 187 60 467 274 119 71 773 691 159 251 1684 332 61 83 
405 647 176 82 57 921 246 130 48 817 178 85 52 467 272 117 72 1268 260 189 61 780 679 155 259 1683 331 59 84 
406 647 176 81 57 464 274 117 71 932 245 131 46 815 175 85 54 1266 259 207 64 782 676 146 233 
407 646 179 81 55 457 290 126 62 941 246 136 47 820 177 84 53 1283 257 195 59 791 678 135 215 
408 647 181 81 54 457 286 126 73 1275 254 211 58 936 243 134 52 819 175 84 53 789 677 143 207 
409 783 595 163 263 449 290 129 67 778 664 165 229 647 182 82 54 1303 250 241 73 934 242 135 51 815 175 84 53 
410 787 589 161 254 787 589 161 254 447 293 133 63 647 179 83 56 937 244 139 51 1314 249 230 75 816 175 85 54 
411 441 292 144 66 646 180 85 56 940 243 134 53 804 608 139 248 1327 256 211 65 815 177 86 54 
412 643 181 85 55 1354 248 189 62 444 292 139 68 946 243 140 54 804 602 139 235 817 177 87 54 
413 640 182 85 55 987 240 139 56 1363 253 186 62 802 593 141 235 445 295 135 65 817 177 90 55 
414 1380 253 164 60 638 180 84 55 988 241 142 55 798 594 145 218 815 176 91 57 445 297 134 68 1704 337 61 83 
415 638 178 85 55 1412 258 171 70 981 242 154 54 799 588 148 224 813 180 89 56 442 299 140 70 1701 331 65 89 
416 1485 268 177 64 636 178 86 56 1430 254 162 69 986 243 145 52 803 559 143 251 810 178 89 56 437 298 143 71 
417 1488 274 182 58 633 183 87 54 1431 264 148 61 984 242 149 52 800 539 145 267 807 178 88 55 434 297 138 75 
418 631 186 88 53 1481 270 198 66 1449 265 123 63 982 241 162 52 801 536 145 253 809 178 88 56 433 302 137 76 
419 1677 301 87 86 751 591 256 138 630 186 90 52 1466 262 105 62 1487 272 202 68 992 240 161 56 816 551 125 210 808 177 89 58 424 303 145 76 
420 956 182 92 70 1482 263 95 58 1678 298 87 87 1074 241 114 54 630 187 89 52 814 549 128 196 758 584 242 141 992 240 163 55 1498 270 192 69 808 178 89 59 423 307 142 78 
421 1585 272 142 58 628 186 91 54 814 549 126 186 949 183 91 72 1000 241 168 54 1521 269 159 61 759 578 243 136 809 177 89 59 416 310 142 76 
422 832 536 121 194 1684 295 103 83 1533 273 141 61 1591 269 141 60 948 183 92 71 1009 241 159 55 770 571 236 132 808 178 92 59 412 312 148 75 
423 1595 264 143 67 833 528 121 200 1639 278 168 58 1055 244 142 54 939 181 93 71 772 565 233 135 810 177 90 59 404 316 157 75 
424 607 176 89 59 1628 274 189 62 748 559 270 134 815 534 122 184 940 181 90 73 1055 244 144 54 808 177 89 59 406 323 147 73 
425 605 178 90 57 1614 277 218 63 831 524 128 199 768 558 241 134 937 184 93 69 1055 246 153 53 812 178 87 59 396 324 162 77 
426 605 178 91 56 1609 275 228 65 770 558 238 128 935 183 94 69 1063 247 163 50 812 178 88 59 388 327 171 81 
427 1132 248 140 50 606 182 88 56 1620 279 219 60 767 556 244 122 934 184 95 69 1062 244 169 53 813 181 87 58 381 328 176 80 
428 607 183 86 57 1624 279 216 57 777 559 237 102 937 184 96 71 1073 243 165 55 817 181 88 57 375 330 173 82 
429 606 188 88 54 1646 278 194 59 938 182 97 71 1079 244 174 52 818 181 89 59 776 555 238 107 371 332 170 78 
430 604 188 86 56 1659 273 193 58 1094 242 153 52 942 183 91 71 369 326 171 86 818 183 90 58 787 553 223 108 
431 604 187 88 57 1693 266 188 58 941 183 90 70 1117 245 168 57 371 332 162 82 817 182 90 58 790 554 219 101 
432 1675 305 125 80 602 190 91 56 1701 265 182 54 372 329 154 86 942 186 88 68 1124 252 173 55 817 184 89 56 788 552 218 100 
433 1684 310 119 75 602 192 93 55 1713 261 169 57 369 329 159 89 941 185 88 68 1132 250 175 57 817 183 90 56 793 540 210 109 
434 372 331 153 88 602 193 92 55 1725 262 166 59 940 184 89 69 1150 248 156 54 817 184 90 56 799 527 200 115 
435 1698 311 103 69 1746 296 123 90 362 342 154 83 601 194 90 55 1742 270 157 62 938 185 89 68 817 184 90 56 1153 252 162 50 796 515 196 119 
436 598 194 89 56 1750 278 140 55 360 357 155 74 1754 294 114 84 1156 250 175 48 937 184 89 69 816 182 90 59 795 507 200 121 
437 1754 302 121 74 596 193 88 57 352 356 168 81 1754 302 121 74 1196 254 161 50 935 182 93 70 814 180 90 60 792 502 205 117 
438 348 354 172 86 1747 303 121 79 1204 254 171 50 934 183 94 71 814 180 88 60 799 500 195 113 
439 1749 308 113 75 345 352 174 92 1215 250 172 54 936 184 90 70 813 179 87 62 802 498 194 108 
440 1748 313 118 69 332 351 181 98 1220 249 177 53 936 184 89 69 812 178 87 63 808 496 185 108 
441 1749 316 113 74 325 352 179 101 1229 247 174 50 811 494 186 106 936 185 90 68 813 179 88 64 
442 587 201 90 56 1752 324 112 65 321 352 180 105 1251 253 193 57 810 494 183 106 814 179 89 64 935 185 90 67 
443 1763 322 104 66 586 203 91 55 305 354 201 106 1268 255 179 56 813 180 90 63 939 187 89 66 819 484 192 100 
444 586 202 91 57 1270 254 191 56 347 361 130 83 812 183 90 62 826 485 185 98 941 188 90 65 1770 317 94 73 
445 1777 318 99 73 587 200 94 60 1284 254 196 51 347 367 123 84 285 370 225 101 813 183 91 64 941 189 90 64 827 487 181 93 
446 1784 319 92 73 581 227 84 47 584 198 92 63 334 371 127 87 275 380 228 96 1296 256 188 48 812 184 91 63 942 190 91 63 829 481 176 100 1784 319 92 73 
447 580 228 83 46 323 377 128 89 1311 252 219 62 813 183 92 62 939 188 93 64 838 475 166 103 
448 578 227 85 45 312 375 134 96 1339 253 188 58 812 182 92 63 941 186 90 64 842 468 164 111 
449 575 228 86 45 310 383 134 98 1351 249 188 60 811 184 91 62 940 186 90 64 845 463 164 109 
450 298 387 149 101 570 230 88 45 298 387 149 101 1357 250 194 56 808 185 93 62 939 186 90 64 842 455 168 106 
451 293 391 157 99 1826 303 68 103 1168 165 75 79 567 230 87 44 293 391 157 99 1399 252 183 59 805 185 91 62 940 187 91 64 842 450 162 105 
452 299 395 129 101 565 231 87 45 1402 251 192 58 805 186 91 61 940 188 91 63 848 444 160 106 
453 1493 263 160 58 561 228 86 46 292 402 138 100 1415 249 174 59 804 186 91 61 944 189 90 63 851 444 158 103 
454 1829 303 66 98 1425 253 174 56 1474 269 185 55 557 228 88 46 283 405 145 102 849 434 164 104 806 186 92 61 942 188 91 62 
455 278 405 149 102 557 229 87 47 1453 264 238 59 809 187 91 62 942 187 90 63 851 435 163 103 
456 268 411 157 95 554 230 90 46 948 186 87 62 1443 268 275 60 809 188 91 63 853 434 159 102 1833 312 62 90 
457 267 425 159 94 552 233 91 44 951 185 87 62 807 190 89 61 1451 267 273 58 853 428 162 105 1835 308 64 95 
458 551 234 92 44 951 186 87 61 1499 265 201 55 260 428 161 93 808 193 89 59 856 430 157 99 1840 309 57 93 
459 550 234 93 45 1570 264 175 56 951 184 87 62 853 427 160 104 807 193 90 59 254 432 160 91 1842 296 54 102 
460 552 234 91 45 1577 268 195 52 951 182 88 62 807 191 89 60 854 428 158 105 237 437 165 96 
461 550 235 93 45 1592 260 171 56 952 183 90 62 807 191 89 61 861 429 153 104 210 438 190 101 
462 533 236 101 48 859 426 155 103 953 185 90 61 807 190 88 63 1606 260 223 64 202 441 198 108 
463 1590 257 181 49 852 412 179 84 533 238 101 48 952 184 90 62 809 190 87 64 213 443 150 122 1597 265 243 60 
464 853 411 180 83 952 185 90 62 533 239 102 48 807 191 87 64 214 446 140 121 1598 269 246 57 
465 850 409 184 85 949 185 91 61 805 191 87 65 533 238 103 48 197 464 161 112 1619 268 240 53 
466 846 407 192 84 950 182 88 62 806 190 86 65 529 239 105 48 189 477 165 107 1655 267 195 50 
467 846 400 195 86 950 181 87 62 1666 266 184 50 530 239 100 49 807 190 86 67 168 474 189 114 
468 142 479 214 109 849 396 186 89 1686 267 195 52 949 182 88 62 806 190 89 65 529 240 102 48 
469 951 182 87 63 804 191 86 65 847 389 194 91 1694 264 188 48 134 493 224 105 530 240 101 51 
470 953 181 90 65 809 191 86 66 525 239 107 53 875 397 144 94 1715 262 160 50 113 490 230 112 
471 158 463 152 201 92 494 263 123 955 178 88 66 812 192 87 66 879 395 136 94 524 239 110 56 1735 261 142 53 
472 955 178 88 67 93 507 222 125 1760 260 120 57 814 193 89 64 879 393 137 94 523 238 111 57 
473 1771 259 107 59 957 178 87 66 83 515 213 130 816 195 87 64 851 374 201 97 519 240 110 59 
474 1779 260 100 60 956 178 88 66 137 502 150 180 883 382 133 94 816 194 88 65 517 243 109 61 
475 42 539 249 122 885 370 131 96 125 504 136 180 953 178 85 63 818 191 91 69 515 245 109 61 
476 37 541 250 123 886 366 131 95 953 180 85 62 120 502 148 195 820 191 90 70 514 247 111 59 
477 103 493 148 214 885 361 132 95 954 180 84 62 820 190 90 70 511 248 111 59 
478 98 493 150 222 884 359 134 92 955 178 83 62 821 192 91 67 507 250 112 59 
479 87 518 145 211 883 358 134 92 954 179 84 61 824 193 91 66 502 252 113 60 
480 81 506 150 242 859 350 185 101 955 179 85 62 823 193 92 68 493 256 118 58 
481 861 350 183 100 20 569 201 160 954 179 87 62 823 192 91 69 492 255 111 58 
482 865 351 174 94 18 575 218 163 82 517 112 270 953 180 90 62 823 193 95 69 486 258 113 61 
483 862 351 180 92 76 512 114 288 17 580 203 164 951 179 89 63 822 193 95 67 480 264 116 62 
484 861 352 183 89 75 514 114 291 17 582 197 168 950 180 91 64 823 192 97 68 473 267 121 61 
485 866 351 175 88 23 623 174 179 952 181 90 63 824 195 97 65 473 262 118 62 
486 23 621 159 199 871 354 167 83 955 181 91 62 824 197 100 63 471 262 118 65 
487 21 624 154 198 953 180 92 63 823 197 102 63 465 263 120 67 
488 22 641 154 180 953 180 91 64 825 198 100 61 464 263 120 67 
489 14 682 155 198 951 181 91 64 824 198 100 61 463 262 121 71 
490 876 348 156 77 953 180 88 65 465 264 114 68 826 198 98 62 
491 880 350 152 74 955 180 87 65 466 266 112 70 826 197 99 62 
492 877 350 158 73 953 180 88 65 444 275 132 65 826 199 100 60 
493 878 349 155 75 953 180 88 66 443 280 133 63 827 195 99 62 
494 879 348 153 74 952 181 89 65 450 292 117 59 826 195 97 62 
495 955 180 89 63 882 349 148 73 841 192 111 64 445 291 119 60 
496 955 178 88 64 884 347 143 75 839 193 117 66 439 289 122 67 
497 950 180 92 62 879 346 153 74 838 194 122 64 433 290 124 68 
498 877 344 157 77 950 176 96 63 841 190 121 68 424 293 130 68 
499 877 342 157 77 949 177 94 62 843 192 119 69 419 292 138 70 
500 875 339 161 80 946 178 94 64 844 197 121 66 416 296 138 70 
501 943 175 93 66 847 194 124 69 878 343 155 73 405 298 148 74 
502 943 177 91 63 850 191 119 70 878 340 156 73 393 302 156 73 
503 942 178 91 62 874 338 163 72 850 192 123 71 388 301 153 76 
504 935 176 93 61 875 330 163 78 857 189 121 74 378 302 157 79 
505 880 319 165 84 861 188 115 74 375 304 152 76 
506 887 319 151 83 863 187 116 75 372 309 152 73 
507 883 321 158 79 862 189 118 74 370 311 153 74 
508 883 319 161 80 363 326 154 65 866 190 122 74 
509 884 315 160 81 866 189 123 75 355 329 169 69 
510 885 314 158 81 871 191 122 77 347 332 181 71 
511 886 311 155 84 873 190 117 74 352 339 172 68 
512 890 311 147 81 873 187 121 79 349 340 159 70 
513 888 310 150 80 870 192 110 68 337 339 165 78 
514 887 311 152 77 874 191 112 71 334 340 162 82 
515 889 306 149 81 872 191 113 68 321 339 173 85 
516 886 302 155 85 316 339 175 86 874 190 118 69 
517 885 301 158 84 313 342 168 86 877 190 109 69 
518 316 340 152 88 883 298 163 87 879 190 107 68 
519 932 186 104 68 303 355 150 86 880 191 109 66 890 301 153 82 
520 930 188 106 65 880 193 107 65 298 355 156 88 890 301 153 81 
521 881 194 108 64 893 300 149 81 286 356 175 88 
522 882 193 107 66 925 189 115 69 895 298 148 83 266 369 190 88 
523 1706 238 104 57 884 192 106 65 926 187 118 69 896 297 147 79 258 372 191 91 
524 912 243 150 68 927 190 120 70 897 295 145 83 241 372 195 98 
525 889 193 100 63 926 190 118 72 899 292 141 85 917 239 143 72 231 377 207 99 
526 891 193 99 62 925 190 121 70 899 294 141 83 923 236 142 75 223 383 202 97 
527 924 190 124 68 899 297 142 80 926 241 142 72 221 386 190 95 
528 886 191 99 62 929 189 121 66 897 299 145 74 925 243 144 73 243 399 145 95 
529 888 195 97 60 934 188 115 65 929 244 136 78 894 300 145 71 227 406 157 90 
530 885 187 94 65 938 185 114 70 930 247 136 84 897 296 140 71 218 405 166 91 
531 887 189 91 64 942 186 111 67 934 248 132 84 898 296 138 67 209 407 182 92 
532 1013 239 98 60 923 248 146 83 937 186 114 62 201 409 156 98 897 295 137 66 
533 937 186 113 62 159 431 191 89 923 253 143 78 1017 238 103 57 897 295 137 67 
534 937 190 111 61 926 249 154 83 1014 242 109 59 901 293 132 68 185 426 163 91 
535 937 193 109 57 1020 242 114 58 928 252 135 79 900 291 133 68 176 427 176 95 
536 937 190 110 58 1018 239 118 55 884 194 102 56 931 258 126 73 897 288 137 72 164 428 171 101 
537 883 193 103 57 1013 237 131 55 939 261 115 69 901 289 130 70 142 435 185 105 
538 937 188 107 58 1011 238 137 56 885 190 105 58 937 264 116 70 903 290 129 67 123 437 204 112 
539 889 188 103 59 938 259 117 71 939 190 109 58 1002 236 143 58 904 293 131 64 130 450 153 115 
540 938 260 119 73 936 190 115 58 999 238 149 62 906 294 128 62 115 458 168 117 
541 939 261 118 67 940 190 115 56 998 237 145 59 903 296 130 59 108 464 167 115 
542 935 258 118 67 939 194 109 54 1005 234 135 61 898 297 138 59 91 474 189 109 
543 101 426 144 186 931 258 115 68 1084 241 107 55 938 191 108 52 1013 236 132 64 900 293 137 62 60 479 230 105 
544 925 258 123 72 1011 237 136 67 933 188 105 51 1083 241 114 55 900 292 138 61 34 480 241 105 
545 1015 235 128 69 930 261 121 75 946 187 106 52 903 293 135 60 1087 240 115 56 45 502 179 100 
546 1019 239 124 71 906 293 129 57 942 187 109 53 1083 239 122 58 931 257 118 77 38 493 190 123 
547 908 293 124 57 1033 238 114 67 946 186 106 56 1082 238 120 57 923 254 122 81 35 495 183 134 
548 74 401 115 285 910 295 123 54 946 189 107 55 33 490 191 149 1079 238 130 57 926 253 120 81 
549 909 294 123 54 736 188 87 57 950 188 110 60 923 254 128 81 1069 237 146 58 31 509 186 140 
550 908 293 124 54 511 834 250 217 960 186 108 61 923 257 122 78 1074 235 136 61 26 523 185 140 
551 732 188 88 58 911 294 120 53 962 185 105 63 1072 231 133 64 20 521 187 151 927 258 122 77 
552 961 186 104 59 915 294 118 53 19 511 169 168 1086 237 129 57 930 263 117 73 516 826 241 235 
553 511 826 228 224 716 192 90 54 919 293 114 53 16 507 172 175 932 264 120 73 1085 237 132 57 
554 21 555 151 163 505 812 235 241 1081 235 139 62 931 266 114 73 
555 1140 249 145 50 15 560 152 171 503 806 241 248 1085 237 141 62 926 266 120 72 
556 1137 247 147 52 17 557 142 183 491 805 243 246 1093 239 133 60 927 266 115 71 
557 18 561 132 179 921 294 112 51 18 561 132 179 1134 246 154 51 510 792 224 265 1093 239 132 59 929 264 116 72 
558 1090 241 141 58 536 744 203 301 930 263 115 73 
559 1098 238 131 59 1135 247 157 50 551 740 192 293 929 265 110 69 
560 562 739 185 278 1128 246 165 51 926 266 112 68 
561 1019 193 107 58 1103 237 113 59 568 720 178 273 1145 243 142 54 924 265 115 69 
562 570 721 173 256 927 261 115 70 1139 242 148 55 
563 1019 193 108 59 579 672 190 284 931 262 115 68 1146 242 144 55 
564 1023 190 111 58 585 670 174 267 929 263 110 68 1157 239 133 57 
565 589 646 176 278 1024 194 112 57 1213 245 148 51 589 646 176 278 1154 239 144 58 931 261 112 68 
566 596 654 165 239 1024 193 113 56 1206 245 157 51 1161 240 138 57 932 262 108 67 596 654 165 239 
567 611 613 162 258 1022 193 111 57 606 652 153 239 1157 239 159 59 931 261 110 69 
568 607 608 166 254 1027 191 108 58 607 608 166 254 1164 241 149 54 934 263 106 65 
569 617 611 156 241 1029 190 102 60 617 611 156 241 1193 242 174 54 931 262 107 67 
570 623 597 149 233 623 597 149 233 1197 239 167 60 930 262 106 68 
571 624 595 139 224 926 258 110 71 1203 239 168 58 
572 926 258 105 70 1202 237 175 58 624 589 142 220 
573 626 592 140 216 1082 226 104 59 1280 245 150 52 634 559 139 248 1217 237 164 60 926 258 107 69 
574 591 604 233 145 637 562 134 217 1223 237 167 61 925 257 108 69 
575 1080 225 109 61 670 972 235 97 636 565 129 203 1224 235 165 60 592 605 233 140 924 254 110 69 
576 647 541 120 208 661 964 231 111 1229 236 159 55 598 583 232 148 924 253 113 70 
577 673 939 222 135 650 540 117 197 1224 235 172 56 924 253 112 69 601 573 233 144 
578 1081 223 112 63 1262 238 182 60 653 528 120 200 600 558 238 148 926 254 110 66 
579 1081 223 109 63 676 922 212 143 645 523 114 198 1250 236 207 63 595 545 236 156 926 251 109 67 
580 1252 234 209 62 605 545 223 146 928 249 107 67 
581 1091 220 112 63 1087 192 107 64 605 545 227 143 1266 235 191 60 927 247 106 69 
582 1094 218 120 64 691 844 210 223 622 547 193 121 1267 232 194 65 927 248 106 68 
583 1091 194 104 66 618 540 206 131 1273 232 186 64 694 834 199 225 924 249 107 68 
584 1147 225 129 62 1102 198 104 64 710 818 196 239 1275 231 201 65 629 532 183 123 924 249 111 66 
585 1106 197 105 62 1152 224 113 62 704 820 195 223 1286 234 198 59 923 248 111 66 633 515 181 135 
586 1150 224 124 61 720 804 185 250 1291 233 185 58 637 504 177 135 923 247 110 64 
587 1145 224 138 61 1304 236 162 54 720 799 184 239 921 246 111 65 642 498 169 137 
588 1136 221 134 64 640 490 169 139 1309 231 241 69 734 758 178 272 923 245 109 63 
589 634 490 186 122 1138 223 129 61 1312 233 224 67 733 749 181 276 926 244 107 63 
590 1133 219 143 64 738 726 178 274 1320 232 217 67 636 490 186 120 927 245 106 64 
591 637 477 184 113 1140 218 144 67 733 719 179 242 1328 231 215 68 929 244 108 65 
592 1131 218 155 65 642 476 174 116 757 709 166 240 1350 230 191 69 932 244 105 65 
593 1223 234 125 59 1134 220 166 64 644 474 174 114 755 691 153 249 1349 229 192 67 931 242 108 68 
594 1218 234 133 61 1133 218 172 67 641 473 174 114 1357 233 186 62 767 686 145 234 928 241 108 67 
595 1148 218 151 67 648 468 159 117 1359 234 193 58 775 667 133 230 927 242 105 66 
596 781 625 141 240 1210 232 144 60 1155 216 158 68 1366 236 190 57 773 663 136 221 647 460 162 119 927 242 106 65 
597 768 599 162 249 1163 216 148 67 784 632 144 222 1370 236 186 56 646 452 155 124 927 241 105 66 
598 777 581 151 250 793 615 133 222 1169 220 144 61 1396 239 201 61 648 444 149 116 926 242 103 65 
599 1170 221 140 61 1209 229 156 59 1396 237 200 57 796 592 129 229 647 439 161 109 925 239 105 66 
600 801 602 121 198 801 602 121 198 1404 239 193 59 645 433 167 106 1208 227 157 65 927 238 103 67 
601 791 562 143 239 1471 239 206 68 796 593 132 205 1413 239 180 62 647 432 158 103 1195 223 174 70 926 238 103 66 
602 789 535 144 260 800 600 124 197 642 427 162 103 1419 240 183 63 1192 221 178 71 924 238 105 65 
603 808 567 114 191 808 567 114 191 1471 242 211 72 1436 244 156 64 727 599 245 148 644 424 162 97 1203 225 158 61 924 238 103 63 
604 810 560 110 192 740 590 240 157 1313 238 104 57 740 590 240 157 1478 247 202 67 637 407 159 104 1440 243 144 58 1202 224 155 63 926 238 100 62 
605 749 572 240 153 812 541 113 191 1608 252 110 54 812 541 113 191 639 412 158 97 1475 247 213 65 749 572 240 153 1450 243 135 56 1199 225 167 61 927 236 101 63 
606 1297 239 124 57 1597 258 130 51 632 410 153 99 1453 246 130 55 1462 251 240 62 1208 224 173 61 762 554 222 158 927 236 100 65 
607 1296 240 127 56 1595 262 139 50 1460 245 119 57 631 408 155 101 1205 223 171 63 768 556 216 147 1464 247 240 66 926 236 100 66 
608 1291 239 131 56 1471 245 112 55 626 406 153 103 1584 263 152 53 1227 223 156 61 1475 250 226 63 768 551 221 145 926 239 100 62 
609 1470 248 113 56 1578 254 163 54 1276 240 152 56 629 405 156 100 1232 226 159 57 771 560 217 124 1475 249 229 62 925 239 100 60 
610 1473 248 107 54 1227 223 173 61 1274 237 157 59 771 561 214 116 1484 254 219 58 632 410 147 93 925 239 98 57 
611 1652 261 135 51 1242 223 145 56 768 542 219 117 1274 234 175 63 1491 251 209 62 632 402 140 95 927 238 96 57 
612 772 548 241 105 1662 264 129 55 772 548 241 105 1274 237 173 60 622 392 142 102 1491 248 215 64 926 238 98 57 
613 1666 266 130 55 781 543 222 102 1490 251 223 64 620 391 146 95 1277 235 161 60 928 237 96 58 
614 779 533 223 102 1656 264 148 55 1553 255 208 63 779 533 223 102 623 384 140 98 1278 231 162 61 928 236 98 59 
615 1665 264 141 58 1557 253 197 67 584 376 206 95 785 513 211 111 1278 228 166 63 928 237 98 60 
616 1663 261 143 61 576 375 210 88 1566 250 193 68 792 507 200 103 1291 228 171 63 931 237 98 59 
617 792 497 200 106 1582 249 173 70 1643 259 167 65 792 497 200 106 577 375 200 84 1282 223 192 67 932 237 97 59 
618 1637 258 180 63 1580 247 181 65 798 498 190 100 582 369 191 83 1284 224 194 68 933 237 96 59 
619 1622 257 202 67 1590 243 173 66 1290 227 194 65 572 367 198 86 801 496 188 100 932 238 96 57 
620 1615 254 216 71 1594 241 175 66 1291 225 190 66 575 366 189 80 796 482 204 96 932 236 96 56 
621 1600 252 242 76 576 363 184 80 1316 233 206 58 809 475 188 99 931 235 95 56 
622 581 360 174 78 1318 231 206 59 1597 249 248 76 806 470 190 102 930 233 100 53 
623 1328 224 209 65 1610 249 222 69 824 461 165 94 934 234 95 54 
624 573 345 164 75 1336 223 202 69 1613 249 227 70 827 439 166 108 933 232 96 51 
625 567 345 170 75 1345 223 192 67 839 425 162 110 1634 251 201 61 933 231 98 51 
626 562 348 182 72 846 422 159 110 1357 225 186 66 1647 251 181 63 935 230 95 51 
627 1426 240 135 57 843 423 162 103 1370 227 167 64 562 347 177 73 1654 249 183 62 933 229 94 51 
628 854 426 152 100 1374 226 164 63 559 347 176 73 1662 248 185 64 935 230 92 50 
629 852 411 158 84 1405 235 176 62 1659 250 197 63 555 346 164 74 935 230 95 49 
630 861 411 144 86 1667 248 186 61 1402 231 184 64 544 346 173 74 932 230 96 48 
631 861 405 148 101 1671 250 174 57 1402 227 177 68 532 341 181 77 934 230 94 49 
632 862 402 147 95 1677 252 161 56 1407 224 183 62 524 339 190 78 931 230 98 49 
633 1687 258 139 54 867 401 139 100 1405 230 186 58 933 228 94 49 524 340 179 75 
634 1497 234 165 59 1705 252 161 62 865 396 148 97 1410 229 176 58 523 336 171 73 931 230 96 49 
635 1369 844 172 202 1492 234 175 58 1710 252 161 60 866 392 145 93 1419 230 169 58 932 229 92 50 519 330 162 75 
636 1685 256 125 60 1342 820 183 243 1480 233 201 62 1721 254 161 59 871 377 135 99 515 324 162 78 1430 227 149 58 932 229 89 50 
637 1686 259 124 57 1494 228 173 66 843 381 193 90 491 322 180 78 1363 818 163 226 1730 256 148 58 931 230 94 50 1439 229 139 59 
638 874 355 141 99 1366 799 158 248 483 320 192 73 1740 255 141 60 1454 231 137 57 930 229 98 50 
639 862 369 168 90 1352 795 162 260 1459 230 129 57 480 314 195 76 1745 257 130 58 1470 231 222 63 933 229 96 50 
640 863 368 169 84 1356 803 163 238 1459 228 119 56 1753 260 124 62 475 314 201 71 1472 223 231 73 934 228 95 53 
641 868 364 156 82 1466 231 116 53 935 228 94 53 1765 258 114 63 1348 802 164 242 1471 225 228 66 472 312 192 69 
642 1475 235 108 54 867 361 160 79 1764 260 125 59 934 228 95 53 1343 778 171 235 1476 227 223 64 461 314 189 65 
643 1484 235 93 56 1575 237 146 54 872 360 151 75 1768 260 116 60 934 226 93 56 1489 229 203 60 1339 755 159 244 462 312 181 63 
644 666 179 79 51 872 361 151 72 1770 266 115 58 1346 737 156 236 1504 234 190 65 933 225 92 56 448 311 196 66 
645 885 323 135 104 1776 259 109 63 666 179 80 51 1502 229 194 70 934 225 92 56 1332 720 162 243 446 312 188 65 
646 666 177 80 53 877 339 142 91 935 224 91 58 1567 235 169 58 445 307 180 69 1330 708 154 243 
647 874 334 149 94 664 177 81 53 1513 226 173 70 944 200 87 67 1573 232 171 60 446 308 172 69 1322 682 150 249 
648 1645 245 172 62 667 177 80 53 877 336 145 88 1521 225 157 73 944 200 86 67 454 305 156 68 1570 233 174 66 1323 675 147 250 
649 664 177 80 53 879 336 144 84 456 301 142 68 943 199 86 68 1571 229 188 64 1324 675 139 239 
650 663 175 80 55 874 333 155 80 408 299 186 72 942 200 87 68 1313 657 148 242 1577 229 177 64 
651 1269 705 235 145 665 176 78 55 931 225 98 67 944 202 87 67 901 322 130 91 408 300 180 70 1574 229 198 64 1319 662 137 227 
652 929 223 99 69 1269 703 229 143 879 328 143 84 664 175 78 55 943 202 86 66 1309 660 135 229 1594 229 178 61 399 301 177 63 
653 1257 663 225 150 662 176 80 54 895 314 138 92 948 200 86 65 1303 615 137 242 1594 230 184 64 397 300 173 58 
654 931 225 100 71 662 179 79 53 1626 240 188 63 944 200 86 65 1300 617 135 227 896 317 136 82 399 298 169 55 
655 661 182 80 51 1290 604 134 227 1244 650 225 143 894 310 140 84 943 198 87 63 1616 236 206 66 386 297 166 57 
656 661 183 81 52 1287 597 132 223 1241 642 224 141 945 201 87 60 899 306 133 84 380 297 169 55 1608 233 219 70 
657 661 181 82 53 1237 632 227 146 900 305 132 80 364 296 184 55 941 201 88 60 1595 227 246 76 
658 927 226 106 83 1232 631 216 142 1277 569 133 237 331 288 198 65 660 182 83 53 901 298 130 83 943 201 85 60 1596 223 243 78 
659 331 287 185 65 928 228 105 83 659 183 83 54 905 296 125 79 1240 603 206 145 944 202 84 60 1607 224 229 74 
660 327 285 176 60 927 231 111 84 942 201 89 62 660 182 85 53 903 297 132 78 1230 601 216 143 1611 224 232 75 
661 325 284 172 62 929 231 110 87 947 200 88 61 662 182 83 53 906 297 128 76 1624 224 217 73 1231 597 212 138 
662 319 287 168 57 949 200 85 59 662 184 84 52 931 236 108 92 909 299 121 70 1630 225 235 70 1226 580 219 141 
663 951 199 86 58 308 285 174 61 660 181 82 54 929 242 111 93 1656 229 193 62 909 293 125 72 1224 567 219 136 
664 951 198 86 57 304 287 173 57 929 245 113 94 662 181 84 55 1659 228 186 60 1226 565 214 135 910 288 124 74 
665 949 199 89 58 295 285 182 58 910 288 125 68 1212 562 228 126 661 183 84 54 1666 228 174 61 928 242 120 104 
666 944 197 97 61 253 280 188 60 1219 561 213 127 1667 230 181 61 924 238 128 109 660 182 85 55 
667 911 287 128 69 1230 557 207 129 660 183 86 55 1671 230 168 57 252 275 188 65 926 242 128 100 
668 918 289 124 64 1682 230 156 56 656 181 84 56 1226 544 191 123 244 273 197 67 929 243 129 103 
669 654 179 84 58 1683 232 148 58 247 271 184 71 930 245 130 105 1233 537 174 127 
670 654 180 85 57 1690 234 137 57 235 278 181 62 1230 532 179 125 932 242 133 111 
671 653 181 85 57 1704 233 170 60 218 277 198 63 1229 525 179 124 935 236 132 113 
672 1716 230 154 62 653 184 85 55 213 276 200 63 1227 517 184 121 941 240 126 110 
673 652 183 86 55 1728 230 146 59 218 279 192 57 1227 505 180 120 944 239 123 100 
674 652 184 86 55 219 278 186 56 1727 229 148 61 1233 505 166 120 942 241 127 93 
675 652 180 87 57 185 267 172 66 1730 232 150 60 1232 505 166 109 945 236 123 96 
676 653 181 86 57 177 262 176 71 1746 231 136 63 1228 491 170 116 946 235 121 98 599 849 182 209 
677 653 181 87 58 173 258 181 74 1752 232 128 65 1228 491 164 111 946 232 124 96 580 902 125 126 
678 654 183 85 58 1754 234 122 64 160 258 186 73 1229 491 163 110 947 234 125 91 585 887 113 135 
679 652 184 86 57 147 262 188 69 1762 237 120 63 1228 473 160 117 953 232 126 90 603 842 102 92 
680 1772 238 106 63 650 188 89 56 139 263 195 67 1231 473 150 115 955 234 125 84 611 830 95 111 
681 964 196 95 75 1783 237 92 68 138 263 197 62 649 188 89 57 1227 468 157 117 956 225 123 83 618 809 75 121 625 823 112 140 
682 647 188 91 57 109 256 180 66 1231 462 152 121 958 229 128 77 629 820 109 135 
683 647 187 92 58 99 256 194 69 1229 462 152 118 960 230 123 76 641 807 116 135 
684 646 192 95 56 101 254 182 70 1235 452 143 122 962 226 120 79 650 765 96 103 650 791 108 142 
685 645 192 94 55 76 253 208 71 1239 448 140 114 963 228 119 75 651 781 110 152 
686 62 255 137 59 645 192 94 55 87 251 189 74 965 230 115 71 1240 448 138 111 
687 645 195 94 55 91 256 169 65 967 224 112 74 1238 441 139 109 
688 962 195 106 75 646 194 93 55 89 256 164 61 966 222 116 74 1236 435 146 105 677 729 83 123 
689 649 191 88 57 28 263 181 56 967 224 113 70 1240 433 144 103 683 693 82 105 
690 647 192 88 57 34 259 172 57 967 227 114 65 1239 433 147 99 686 686 82 114 
691 646 193 89 59 969 226 111 65 34 255 167 61 1242 429 142 107 686 675 89 119 
692 641 195 94 56 966 188 97 79 971 223 106 67 1248 430 131 109 45 249 149 61 699 664 95 110 
693 966 187 94 80 640 195 94 56 972 222 103 67 1247 406 131 102 45 252 141 57 708 659 88 113 
694 968 188 88 79 641 195 95 56 997 234 87 56 1236 407 166 88 38 249 140 60 
695 640 196 95 56 969 188 85 78 1256 406 124 101 997 232 88 57 30 253 141 57 719 622 90 101 
696 590 917 210 137 725 645 86 101 641 197 96 57 969 188 89 78 997 227 90 59 1235 401 176 86 26 253 137 56 725 617 85 108 
697 967 185 88 81 641 199 94 56 15 250 136 54 1239 399 169 80 995 230 89 56 726 613 86 107 
698 967 186 89 79 641 200 93 56 15 245 132 57 1235 395 179 84 995 232 92 55 731 603 84 106 
699 967 184 89 77 641 200 93 57 15 243 130 57 1238 393 174 86 994 229 95 53 731 594 94 103 
700 14 242 135 52 968 184 86 74 643 201 94 58 1245 393 161 82 15 254 94 58 995 228 94 53 739 590 84 104 
701 745 588 79 105 971 182 82 77 642 201 96 56 1255 383 158 88 14 249 89 64 994 225 95 53 744 549 81 105 745 588 79 105 
702 641 201 98 57 973 185 83 70 629 827 186 221 12 247 85 67 996 225 97 51 1247 381 182 88 751 581 82 104 
703 621 733 198 312 640 202 98 58 973 190 84 66 11 248 76 69 996 226 98 49 1246 380 185 84 758 549 76 108 
704 634 761 176 259 638 202 95 59 999 224 91 51 972 191 85 65 1245 382 190 82 760 547 72 110 
705 1000 222 91 52 659 765 194 260 637 204 93 58 970 190 90 67 1242 380 206 84 760 539 81 110 
706 639 202 95 59 1002 222 90 51 969 189 89 67 661 756 188 277 1245 378 205 82 762 535 79 111 
707 635 202 102 58 999 223 95 50 968 189 93 68 1265 371 192 87 671 742 188 282 759 528 86 110 
708 636 205 101 56 968 188 95 66 1000 225 95 46 1266 369 194 86 681 729 182 276 766 526 83 115 
709 999 186 109 76 634 205 102 57 1002 225 93 45 968 188 93 65 1278 367 179 85 700 716 168 271 764 521 88 110 
710 998 184 110 77 777 520 95 99 1000 225 94 45 632 203 104 59 968 185 97 69 1283 367 180 84 705 706 145 268 763 518 87 106 
711 776 518 97 96 999 181 113 79 632 203 105 60 968 183 96 69 1297 363 175 81 719 698 146 254 
712 1300 360 179 79 967 182 99 68 630 202 108 62 999 180 117 79 729 669 142 279 
713 1317 355 186 94 967 179 99 69 630 224 97 48 1002 180 115 78 736 669 139 263 
714 968 179 98 67 1323 357 189 91 1000 181 112 77 630 224 96 49 748 655 147 261 
715 804 480 77 96 968 179 95 67 1332 359 184 86 1001 181 112 75 630 225 92 51 750 658 153 239 
716 1337 355 187 90 805 472 78 104 764 659 138 236 969 179 93 66 1001 184 112 72 629 224 94 52 
717 970 180 92 64 1004 186 114 69 780 599 137 253 626 223 95 53 
718 1349 351 175 69 726 663 221 146 1009 181 117 71 626 224 94 52 788 600 127 244 
719 737 643 212 151 1354 345 172 74 627 225 94 51 1004 181 114 72 794 559 131 266 
720 795 548 134 264 747 628 207 155 795 548 134 264 1364 346 167 74 624 225 95 51 1005 181 117 71 
721 819 455 85 92 624 226 94 51 1377 346 165 70 800 532 130 270 1009 188 121 66 
722 818 451 87 80 753 595 213 148 623 225 94 50 1379 346 168 70 806 530 126 273 1015 189 119 65 
723 1389 345 160 69 623 226 95 50 791 530 139 255 759 602 214 138 1011 187 116 64 
724 799 518 136 242 1407 334 170 83 622 226 96 51 1014 184 113 65 763 585 218 139 
725 1024 171 105 66 606 237 98 52 1473 325 195 102 790 550 205 115 
726 959 170 92 57 1024 171 106 65 607 238 96 51 1478 323 197 102 790 553 210 109 
727 961 170 91 58 1022 169 106 65 609 240 94 51 1488 311 197 114 795 551 201 109 
728 960 168 91 58 1022 166 107 66 609 239 93 50 1477 308 227 116 796 541 200 108 
729 963 168 90 57 863 399 81 68 1021 167 108 65 1486 314 218 104 607 241 95 50 804 543 189 104 
730 866 395 82 64 1020 167 108 64 1508 318 187 97 607 240 95 51 810 527 177 107 
731 1019 162 107 67 863 393 84 65 1517 318 172 89 607 240 93 52 822 514 161 111 
732 867 387 90 68 1521 328 161 77 606 241 95 52 829 501 156 108 
733 1021 160 110 68 871 382 95 66 1534 329 141 74 1563 317 181 73 603 239 97 54 846 499 151 101 
734 876 381 92 64 1023 163 108 66 850 492 157 105 1573 316 170 77 604 238 97 54 
735 1020 166 112 64 872 378 104 63 853 473 162 107 1577 310 167 75 601 237 101 56 
736 875 380 103 63 1018 164 116 64 860 474 156 105 1584 305 175 74 601 238 101 56 
737 1016 164 120 63 874 384 109 66 863 472 155 104 1582 304 183 69 601 239 100 55 
738 1017 166 122 61 1583 304 183 67 865 465 148 108 599 238 102 57 
739 1018 163 118 61 1608 302 227 80 598 240 101 58 865 465 147 103 
740 1017 165 114 58 1604 299 245 81 597 240 102 57 868 469 147 97 
741 1017 164 113 60 1607 298 254 86 867 456 150 95 596 240 100 56 
742 887 343 90 64 1019 161 106 61 1628 298 235 77 873 441 144 98 595 238 101 59 
743 1018 159 106 62 874 436 142 102 1631 307 227 67 590 237 104 61 
744 875 430 143 111 1634 308 222 63 589 240 103 60 
745 879 427 137 112 1684 311 208 61 586 242 100 60 
746 881 426 136 119 1684 303 209 69 580 240 108 63 
747 1695 306 193 65 580 241 107 62 
748 1720 308 173 64 580 242 104 63 
749 1720 304 171 66 578 242 105 63 
750 891 394 149 91 1725 304 173 67 568 249 108 60 
751 890 392 152 91 1744 310 156 64 564 250 108 61 
752 888 387 158 96 1760 312 141 61 562 255 109 60 
753 878 385 176 96 1766 313 137 62 556 255 110 61 
754 1019 163 103 63 884 380 167 93 1773 314 128 62 548 252 115 63 
755 1781 312 117 63 882 380 170 93 549 255 113 62 
756 1021 160 101 61 1811 307 84 73 885 378 170 91 545 257 113 62 
757 1816 308 82 77 878 375 182 92 543 258 118 65 
758 1825 301 73 87 891 363 165 93 541 260 118 65 
759 1022 163 95 58 1832 306 68 88 895 367 159 91 540 260 118 66 
760 1023 161 94 57 898 362 153 85 536 259 120 68 
761 1022 161 93 57 906 365 150 79 538 261 116 65 
762 1021 158 93 55 908 366 147 71 539 263 112 66 
763 1020 160 95 55 921 331 132 91 539 261 114 68 
764 1020 160 98 55 921 329 133 91 524 265 123 65 
765 516 264 135 67 920 328 135 92 
766 519 269 128 68 923 327 138 91 
767 518 270 128 71 920 324 144 90 
768 517 272 130 69 924 324 144 92 
769 515 274 127 72 930 322 138 85 
770 514 292 121 60 932 321 137 90 
771 508 289 125 67 933 321 137 90 
772 505 290 126 65 933 319 140 87 
773 506 290 124 65 935 317 143 86 
774 501 292 130 70 939 311 134 86 
775 495 295 133 72 940 311 136 81 
776 489 296 139 73 947 309 126 83 
777 483 300 143 74 947 305 129 85 
778 480 300 142 75 947 303 132 82 
779 473 301 145 80 948 303 131 82 
780 462 302 155 80 956 301 124 80 
781 455 303 157 80 957 298 120 80 
782 447 301 163 85 959 298 120 78 
783 447 301 158 85 963 292 116 76 
784 445 305 156 82 964 290 114 71 
785 442 307 158 83 966 290 112 70 
786 444 308 156 88 968 291 108 67 
787 433 325 158 76 969 294 108 61 
788 426 329 171 79 962 268 114 81 
789 967 269 108 78 425 331 172 79 
790 420 335 179 76 963 270 113 75 
791 418 334 178 84 964 266 113 76 
792 416 338 168 84 964 266 113 73 
793 413 340 164 84 966 266 113 73 
794 407 342 152 82 967 264 108 73 
795 407 339 155 89 968 260 108 72 
796 400 339 163 93 971 261 104 68 
797 405 339 147 91 973 259 102 66 
798 397 342 152 88 974 260 100 66 
799 379 348 168 104 973 257 105 65 
800 392 356 138 87 969 251 116 67 
801 380 359 151 84 969 251 115 65 
802 372 361 154 87 971 248 113 67 
803 363 361 167 89 973 245 109 65 
804 973 245 110 62 357 363 175 89 
805 975 240 107 64 365 363 138 98 
806 977 241 103 62 367 379 132 94 
807 976 242 104 59 361 389 142 95 
808 976 243 102 58 357 379 145 104 
809 346 386 161 100 976 242 104 58 346 386 161 100 
810 337 395 164 94 978 242 99 58 337 395 164 94 
811 978 238 98 59 326 401 154 96 
812 980 234 95 62 315 405 160 95 
813 983 233 92 60 298 412 169 92 
814 983 231 91 61 281 413 188 92 
815 983 230 90 61 277 413 196 96 
816 984 230 89 59 280 424 163 99 
817 276 429 163 97 
818 272 433 167 96 
819 990 230 94 62 266 435 176 100 
820 990 227 95 63 263 445 176 95 
821 990 225 95 63 260 445 173 109 
822 224 448 204 112 
823 206 456 213 109 
824 186 476 232 99 
825 188 478 226 106 
826 181 481 211 106 
827 993 226 87 51 166 482 225 105 
828 993 226 88 50 154 491 232 109 
829 993 182 102 82 993 224 89 51 138 494 241 108 
830 993 179 103 81 197 479 129 155 119 493 249 118 
831 184 485 129 155 100 497 266 120 
832 172 489 136 162 99 505 257 120 
833 142 491 165 185 
834 138 486 160 197 
835 991 180 105 77 42 545 270 116 129 495 156 191 
836 991 181 104 75 125 502 159 192 
837 991 184 103 72 113 496 152 209 
838 990 182 105 72 107 523 162 199 
839 989 180 105 74 106 528 135 194 
840 989 176 107 77 92 539 145 197 
841 989 175 107 76 86 519 153 218 
842 990 176 104 75 84 522 153 223 
843 86 522 148 246 
844 84 513 149 270 
845 85 518 149 284 
846 
847 84 522 162 321 989 177 106 68 84 522 162 321 
848 989 178 107 67 30 626 158 193 
849 989 176 105 68 
850 24 642 155 184 18 687 171 173 
851 
852 12 688 155 187 
853 
854 
855 
856 
857 989 169 106 67 
858 989 168 108 68 
859 991 165 109 69 
860 992 168 107 66 
861 992 168 107 65 
862 
863 
864 
865 
866 
867 
868 
869 
870 
871 
872 
873 
874 
875 
876 
877 
878 
879 
880 
881 
882 
883 
884 886 752 178 267 
885 
886 
887 
888 
889 
890 
891 
892 
893 
894 
895 
896 
897 
898 
899 
900 
901 
902 
903 
904 
905 
906 
907 
908 
909 
910 
911 
912 
913 
914 
915 
916 
917 
918 
919 
920 
921 
922 1175 454 104 104 
923 
924 
925 
926 
927 
928 
929 
930 
931 
932 
933 
934 
935 
936 
937 
938 
939 1292 394 83 94 
940 1292 391 90 91 
941 1299 385 90 92 
942 1309 386 89 95 
943 1319 384 92 93 
944 1330 381 89 96 
945 1335 380 94 95 
946 1345 381 92 90 
947 1352 379 90 93 
948 1361 378 93 90 
949 1357 376 105 89 
950 1363 370 103 90 
951 1374 368 105 92 
952 1385 364 108 93 
953 1400 363 95 91 
954 1403 364 97 88 
955 
956 
957 
958 
959 
960 
961 
962 
963 
964 
965 
966 
967 
968 1560 348 66 103 
969 1571 346 62 112 
970 1582 342 62 120 1582 342 62 120 
971 
972 
973 
974 
975 
976 
977 1643 340 86 76 
978 
979 1662 339 85 61 
980 1674 336 85 63 
981 1684 335 87 66 
982 
983 
984 1718 328 88 77 
985 
986 
987 
988 
989 
990 1787 319 86 75 
991 1796 316 84 82 
992 508 859 246 208 1824 312 69 89 
993 495 846 239 208 
994 1839 303 57 100 
995 526 765 229 268 
996 546 748 217 274 
997 569 746 219 245 
998 576 730 214 246 
999 622 706 164 224 
1000 635 665 167 266 635 676 167 245 
1001 640 618 167 244 
1002 
1003 676 613 145 227 681 603 147 231 
1004 687 572 148 237 
1005 655 596 234 137 703 550 136 227 
1006 662 585 230 140 706 539 132 216 
1007 711 540 132 189 671 579 238 133 
1008 675 560 231 133 
1009 687 559 224 118 
1010 692 546 212 119 
1011 697 538 219 115 
1012 717 519 198 118 
1013 725 508 190 116 
1014 723 494 202 109 
1015 730 481 201 106 
1016 755 477 185 108 
1017 774 466 182 112 
1018 784 453 162 114 
1019 785 446 170 109 
1020 786 436 171 106 
1021 789 435 168 102 
1022 788 430 171 108 
1023 787 417 186 65 
1024 
1025 815 401 152 96 
1026 820 386 142 99 
1027 819 388 149 88 
1028 794 373 202 85 
1029 831 368 136 87 
1030 834 363 138 89 
1031 802 357 199 78 
1032 816 354 170 80 
1033 841 349 152 73 
1034 833 349 175 69 
1035 836 344 172 67 
1036 840 338 175 68 
1037 844 334 171 69 
1038 856 331 159 69 
1039 859 325 160 69 
1040 865 321 163 67 
1041 867 317 161 69 
1042 869 312 161 67 
1043 870 305 163 65 
1044 876 301 154 59 
1045 877 297 157 58 
1046 882 293 144 58 
1047 884 292 143 59 
1048 886 291 138 58 
1049 885 290 141 59 
1050 882 279 146 64 
1051 882 278 147 61 
1052 887 274 139 59 
1053 887 270 138 60 
1054 886 265 140 58 
1055 889 261 136 59 
1056 893 260 129 59 
1057 906 247 111 65 
1058 907 241 112 71 
1059 903 240 120 71 
1060 905 239 118 68 
1061 6 299 87 76 906 236 116 69 
1062 5 299 94 70 910 234 108 66 
1063 8 298 99 67 911 233 106 64 
1064 11 297 98 68 911 234 106 63 
1065 24 295 115 63 911 230 107 60 
1066 911 229 108 60 25 296 119 60 
1067 27 295 122 59 914 228 103 58 27 295 122 59 
1068 42 296 118 57 42 296 118 57 915 228 102 58 
1069 63 298 114 56 916 228 102 56 63 298 114 56 
1070 916 229 101 53 73 299 115 53 
1071 83 300 113 52 917 228 102 53 
1072 918 226 102 55 
1073 95 298 120 54 920 226 102 54 
1074 923 223 100 56 103 297 119 52 
1075 118 297 120 53 925 223 96 56 
1076 133 295 114 56 924 199 108 71 
